at_time(sec), nonNLP_percentage, insect_percentage, poison_percentage, insecticide_percentage
0, 1, 0, 0, 0
0.102707, 1, 0, 0, 0
0.204562, 1, 0, 0, 0
0.305293, 1, 0, 0, 0
0.405803, 1, 0, 0, 0
0.506528, 1, 0, 0, 0
0.607124, 1, 0, 0, 0
0.707554, 0.746479, 0.253521, 0, 0
0.867405, 0.640719, 0.359281, 0, 0
0.970859, 0.583784, 0.416216, 0, 0
1.07392, 0.6, 0.4, 0, 0
1.17586, 0.6, 0.4, 0, 0
1.27789, 0.6, 0.4, 0, 0
1.37962, 0.58006, 0.41994, 0, 0
1.49643, 0.559767, 0.440233, 0, 0
1.64362, 0.551724, 0.448276, 0, 0
1.84258, 0.551724, 0.448276, 0, 0
2.74131, 0.550143, 0.449857, 0, 0
2.85754, 0.519685, 0.480315, 0, 0
3.23607, 0.4975, 0.5025, 0, 0
3.52405, 0.495025, 0.504975, 0, 0
3.62721, 0.493797, 0.506203, 0, 0
3.73613, 0.470449, 0.529551, 0, 0
4.73787, 0.469767, 0.530233, 0, 0
4.84561, 0.456476, 0.543524, 0, 0
4.98375, 0.449275, 0.550725, 0, 0
5.08769, 0.441057, 0.558943, 0, 0
5.19172, 0.441057, 0.558943, 0, 0
5.29607, 0.438384, 0.561616, 0, 0
5.40064, 0.435743, 0.564257, 0, 0
5.50493, 0.435743, 0.564257, 0, 0
5.60956, 0.435743, 0.564257, 0, 0
5.71387, 0.435743, 0.564257, 0, 0
6.23174, 0.434, 0.566, 0, 0
6.99985, 0.434, 0.566, 0, 0
7.23611, 0.428, 0.572, 0, 0
7.74127, 0.42, 0.58, 0, 0
7.86713, 0.414, 0.586, 0, 0
7.97226, 0.41, 0.59, 0, 0
8.02364, 0.376, 0.624, 0, 0
8.12925, 0.356, 0.644, 0, 0
8.23662, 0.324, 0.676, 0, 0
8.35184, 0.324, 0.676, 0, 0
8.46376, 0.322, 0.678, 0, 0
8.70884, 0.322, 0.678, 0, 0
9.00092, 0.268, 0.732, 0, 0
9.13509, 0.272, 0.728, 0, 0
9.23958, 0.278, 0.722, 0, 0
9.34306, 0.274, 0.726, 0, 0
9.44775, 0.272, 0.728, 0, 0
9.56093, 0.274, 0.726, 0, 0
9.73614, 0.274, 0.726, 0, 0
9.85596, 0.274, 0.726, 0, 0
10.0209, 0.274, 0.726, 0, 0
10.1438, 0.28, 0.72, 0, 0
10.2472, 0.28, 0.72, 0, 0
10.3535, 0.278, 0.722, 0, 0
10.4568, 0.274, 0.726, 0, 0
10.5631, 0.306, 0.694, 0, 0
10.6671, 0.288, 0.712, 0, 0
10.7705, 0.314, 0.686, 0, 0
10.8744, 0.314, 0.686, 0, 0
10.982, 0.312, 0.688, 0, 0
11.0856, 0.292, 0.708, 0, 0
11.1889, 0.278, 0.722, 0, 0
11.293, 0.24, 0.76, 0, 0
11.3874, 0.24, 0.76, 0, 0
11.4901, 0.238, 0.762, 0, 0
11.5925, 0.234, 0.766, 0, 0
11.6962, 0.236, 0.764, 0, 0
11.7991, 0.232, 0.768, 0, 0
11.9014, 0.214, 0.786, 0, 0
12.0051, 0.196, 0.804, 0, 0
12.1091, 0.164, 0.836, 0, 0
12.2126, 0.18, 0.82, 0, 0
12.3159, 0.178, 0.822, 0, 0
12.4192, 0.17, 0.83, 0, 0
12.5233, 0.17, 0.83, 0, 0
12.6264, 0.17, 0.83, 0, 0
12.7299, 0.168, 0.832, 0, 0
12.8327, 0.168, 0.832, 0, 0
12.938, 0.166, 0.834, 0, 0
13.0406, 0.162, 0.838, 0, 0.004
13.1423, 0.166, 0.834, 0, 0
13.2438, 0.154, 0.846, 0, 0
13.3467, 0.144, 0.856, 0, 0
13.4483, 0.134, 0.866, 0, 0
13.5498, 0.12, 0.88, 0, 0
13.6513, 0.134, 0.866, 0, 0
13.7535, 0.148, 0.852, 0, 0
13.8552, 0.144, 0.856, 0, 0
13.9572, 0.136, 0.864, 0, 0
14.0593, 0.142, 0.858, 0, 0
14.1609, 0.144, 0.856, 0, 0
14.2642, 0.136, 0.864, 0, 0
14.3672, 0.136, 0.864, 0, 0
14.4703, 0.136, 0.864, 0, 0
14.5738, 0.144, 0.856, 0, 0
14.6427, 0.144, 0.856, 0, 0
14.7449, 0.144, 0.856, 0, 0
14.8463, 0.148, 0.852, 0, 0
14.9494, 0.148, 0.852, 0, 0
15.0528, 0.15, 0.85, 0, 0
15.156, 0.152, 0.848, 0, 0
15.2592, 0.146, 0.854, 0, 0
15.3646, 0.144, 0.856, 0, 0
15.4663, 0.136, 0.864, 0, 0
15.5704, 0.118, 0.882, 0, 0
15.6737, 0.128, 0.872, 0, 0
15.7773, 0.12, 0.88, 0, 0
15.8805, 0.106, 0.894, 0, 0
15.9838, 0.112, 0.888, 0, 0
16.0863, 0.112, 0.888, 0, 0
16.1897, 0.114, 0.886, 0, 0
16.2962, 0.128, 0.872, 0, 0
16.4008, 0.128, 0.872, 0, 0
16.5044, 0.128, 0.872, 0, 0
16.6079, 0.126, 0.874, 0, 0
16.7097, 0.136, 0.864, 0, 0
16.8113, 0.14, 0.86, 0, 0
16.9139, 0.14, 0.86, 0, 0
17.0187, 0.15, 0.85, 0, 0
17.121, 0.15, 0.85, 0, 0
17.1819, 0.156, 0.844, 0, 0
17.284, 0.17, 0.83, 0, 0
17.386, 0.182, 0.818, 0, 0
17.4881, 0.178, 0.822, 0, 0
17.5903, 0.184, 0.816, 0, 0
17.6924, 0.186, 0.814, 0, 0
17.7945, 0.188, 0.812, 0, 0
17.8961, 0.16, 0.84, 0, 0
17.9982, 0.14, 0.86, 0, 0
18.1003, 0.136, 0.864, 0, 0
18.2024, 0.122, 0.878, 0, 0
18.3042, 0.108, 0.892, 0, 0
18.4062, 0.102, 0.898, 0, 0
18.5079, 0.094, 0.906, 0, 0
18.6103, 0.108, 0.892, 0, 0
18.7122, 0.114, 0.886, 0, 0
18.8143, 0.112, 0.888, 0, 0
18.9168, 0.112, 0.888, 0, 0
19.0204, 0.098, 0.902, 0, 0
19.1224, 0.088, 0.912, 0, 0
19.2246, 0.088, 0.912, 0, 0
19.3264, 0.088, 0.912, 0, 0
19.4296, 0.088, 0.912, 0, 0
19.5332, 0.092, 0.908, 0, 0
19.6369, 0.09, 0.91, 0, 0
19.7384, 0.096, 0.904, 0, 0
19.8404, 0.096, 0.904, 0, 0
19.9441, 0.096, 0.904, 0, 0
19.9538, 0.096, 0.904, 0, 0
20.0558, 0.096, 0.904, 0, 0
20.158, 0.09, 0.91, 0, 0
20.2596, 0.09, 0.91, 0, 0
20.3615, 0.09, 0.91, 0, 0
20.4632, 0.08, 0.92, 0, 0
20.5651, 0.084, 0.916, 0, 0
20.6675, 0.09, 0.91, 0, 0
20.7699, 0.098, 0.902, 0, 0
20.874, 0.1, 0.9, 0, 0
20.9786, 0.102, 0.898, 0, 0
21.0827, 0.106, 0.894, 0, 0
21.1861, 0.108, 0.892, 0, 0
21.2899, 0.104, 0.896, 0, 0
21.3935, 0.11, 0.89, 0, 0
21.4974, 0.112, 0.888, 0, 0
21.6005, 0.124, 0.876, 0, 0
21.7053, 0.124, 0.876, 0, 0
21.8077, 0.12, 0.88, 0, 0
21.9095, 0.122, 0.878, 0, 0
22.0113, 0.116, 0.884, 0, 0
22.1132, 0.104, 0.896, 0, 0
22.2151, 0.102, 0.898, 0, 0
22.3168, 0.092, 0.908, 0, 0
22.4185, 0.08, 0.92, 0, 0
22.5227, 0.088, 0.912, 0, 0
22.6263, 0.088, 0.912, 0, 0
22.7313, 0.088, 0.912, 0, 0
22.8341, 0.086, 0.914, 0, 0
22.937, 0.086, 0.914, 0, 0
23.041, 0.084, 0.916, 0, 0
23.1444, 0.084, 0.916, 0, 0
23.2482, 0.094, 0.906, 0, 0
23.3526, 0.096, 0.904, 0, 0
23.3688, 0.098, 0.902, 0, 0
23.4714, 0.106, 0.894, 0, 0
23.5745, 0.11, 0.89, 0, 0
23.6778, 0.104, 0.896, 0, 0
23.7797, 0.106, 0.894, 0, 0
23.8815, 0.088, 0.912, 0, 0
23.9848, 0.088, 0.912, 0, 0
24.0882, 0.094, 0.906, 0, 0
24.1925, 0.086, 0.914, 0, 0
24.2964, 0.086, 0.914, 0, 0
24.4026, 0.096, 0.904, 0, 0
24.5064, 0.096, 0.904, 0, 0
24.6088, 0.098, 0.902, 0, 0
24.7119, 0.098, 0.902, 0, 0
24.817, 0.096, 0.904, 0, 0
24.9198, 0.096, 0.904, 0, 0
25.0226, 0.094, 0.906, 0, 0
25.1252, 0.094, 0.906, 0, 0
25.2276, 0.094, 0.906, 0, 0
25.33, 0.092, 0.908, 0, 0
25.4345, 0.092, 0.908, 0, 0
25.5366, 0.086, 0.914, 0, 0
25.6081, 0.086, 0.914, 0, 0
25.7125, 0.088, 0.912, 0, 0
25.8174, 0.092, 0.908, 0, 0
25.9227, 0.106, 0.894, 0, 0
26.0278, 0.112, 0.888, 0, 0
26.1328, 0.122, 0.878, 0, 0
26.2374, 0.11, 0.89, 0, 0
26.344, 0.118, 0.882, 0, 0
26.4487, 0.122, 0.878, 0, 0
26.5551, 0.118, 0.882, 0, 0
26.6603, 0.116, 0.884, 0, 0
26.7655, 0.118, 0.882, 0, 0
26.8687, 0.12, 0.88, 0, 0
26.9721, 0.126, 0.874, 0, 0
27.0748, 0.13, 0.87, 0, 0
27.1777, 0.13, 0.87, 0, 0
27.2801, 0.128, 0.872, 0, 0
27.3825, 0.13, 0.87, 0, 0
27.4867, 0.136, 0.864, 0, 0
27.5918, 0.134, 0.866, 0, 0
27.6972, 0.132, 0.868, 0, 0
27.8023, 0.13, 0.87, 0, 0
27.9072, 0.13, 0.87, 0, 0
28.0115, 0.13, 0.87, 0, 0
28.1149, 0.13, 0.87, 0, 0
28.2182, 0.128, 0.872, 0, 0
28.3215, 0.136, 0.864, 0, 0
28.425, 0.136, 0.864, 0, 0
28.5301, 0.13, 0.87, 0, 0
28.6359, 0.138, 0.862, 0, 0
28.7401, 0.148, 0.852, 0, 0
28.8433, 0.148, 0.852, 0, 0
28.8717, 0.15, 0.85, 0, 0
28.9754, 0.154, 0.846, 0, 0
29.0781, 0.154, 0.846, 0, 0
29.1809, 0.156, 0.844, 0, 0
29.2835, 0.148, 0.852, 0, 0
29.3892, 0.136, 0.864, 0, 0
29.4946, 0.12, 0.88, 0, 0
29.5998, 0.116, 0.884, 0, 0
29.7031, 0.112, 0.888, 0, 0
29.8085, 0.116, 0.884, 0, 0
29.9114, 0.12, 0.88, 0, 0
30.0174, 0.122, 0.878, 0, 0
30.1198, 0.124, 0.876, 0, 0
30.2231, 0.118, 0.882, 0, 0
30.3261, 0.124, 0.876, 0, 0
30.4296, 0.126, 0.874, 0, 0
30.5331, 0.126, 0.874, 0, 0
30.6398, 0.126, 0.874, 0, 0
30.7485, 0.128, 0.872, 0, 0
30.8602, 0.128, 0.872, 0, 0
30.9672, 0.13, 0.87, 0, 0
30.9799, 0.13, 0.87, 0, 0
31.0864, 0.122, 0.878, 0, 0
31.1928, 0.124, 0.876, 0, 0
31.2958, 0.132, 0.868, 0, 0
31.4019, 0.144, 0.856, 0, 0
31.5081, 0.146, 0.854, 0, 0
31.6134, 0.144, 0.856, 0, 0
31.7222, 0.124, 0.876, 0, 0
31.8278, 0.128, 0.872, 0, 0
31.9361, 0.124, 0.876, 0, 0
32.0428, 0.124, 0.876, 0, 0
32.1498, 0.118, 0.882, 0, 0
32.2552, 0.116, 0.884, 0, 0
32.3595, 0.106, 0.894, 0, 0
32.4639, 0.102, 0.898, 0, 0
32.5674, 0.104, 0.896, 0, 0
32.6738, 0.102, 0.898, 0, 0
32.7782, 0.1, 0.9, 0, 0
32.8826, 0.098, 0.902, 0, 0
32.9873, 0.096, 0.904, 0, 0
33.0909, 0.094, 0.906, 0, 0
33.1941, 0.094, 0.906, 0, 0
33.2976, 0.094, 0.906, 0, 0
33.4011, 0.1, 0.9, 0, 0
33.5046, 0.094, 0.906, 0, 0
33.5165, 0.094, 0.906, 0, 0
33.6226, 0.096, 0.904, 0, 0
33.7311, 0.096, 0.904, 0, 0
33.836, 0.098, 0.902, 0, 0
33.9393, 0.096, 0.904, 0, 0
34.0421, 0.09, 0.91, 0, 0
34.145, 0.092, 0.908, 0, 0
34.2481, 0.1, 0.9, 0, 0
34.3527, 0.114, 0.886, 0, 0
34.4596, 0.108, 0.892, 0, 0
34.5646, 0.1, 0.9, 0, 0
34.6731, 0.1, 0.9, 0, 0
34.7868, 0.102, 0.898, 0, 0
34.8924, 0.104, 0.896, 0, 0
34.999, 0.104, 0.896, 0, 0
35.1052, 0.108, 0.892, 0, 0
35.2116, 0.098, 0.902, 0, 0
35.3159, 0.098, 0.902, 0, 0
35.419, 0.098, 0.902, 0, 0
35.523, 0.098, 0.902, 0, 0
35.6267, 0.12, 0.88, 0, 0
35.731, 0.114, 0.886, 0, 0
35.8348, 0.114, 0.886, 0, 0
35.9388, 0.12, 0.88, 0, 0
36.042, 0.12, 0.88, 0, 0
36.1458, 0.12, 0.88, 0, 0
36.2496, 0.12, 0.88, 0, 0
36.3541, 0.116, 0.884, 0, 0
36.4618, 0.116, 0.884, 0, 0
36.5704, 0.124, 0.876, 0, 0
36.6761, 0.12, 0.88, 0, 0
36.7809, 0.12, 0.88, 0, 0
36.8898, 0.12, 0.88, 0, 0
36.9967, 0.116, 0.884, 0, 0
37.1014, 0.12, 0.88, 0, 0
37.2073, 0.124, 0.876, 0, 0
37.313, 0.13, 0.87, 0, 0
37.421, 0.126, 0.874, 0, 0
37.5322, 0.114, 0.886, 0, 0
37.6404, 0.114, 0.886, 0, 0
37.7436, 0.118, 0.882, 0, 0
37.8469, 0.11, 0.89, 0, 0
37.9535, 0.114, 0.886, 0, 0
38.0602, 0.114, 0.886, 0, 0
38.1666, 0.116, 0.884, 0, 0
38.2721, 0.12, 0.88, 0, 0
38.3834, 0.12, 0.88, 0, 0
38.494, 0.136, 0.864, 0, 0
38.5992, 0.138, 0.862, 0, 0
38.7047, 0.136, 0.864, 0, 0
38.8082, 0.134, 0.866, 0, 0
38.9117, 0.132, 0.868, 0, 0
39.0153, 0.132, 0.868, 0, 0
39.1189, 0.126, 0.874, 0, 0
39.2223, 0.126, 0.874, 0, 0
39.3251, 0.132, 0.868, 0, 0
39.4307, 0.132, 0.868, 0, 0
39.5348, 0.136, 0.864, 0, 0
39.639, 0.136, 0.864, 0, 0
39.7422, 0.138, 0.862, 0, 0
39.8453, 0.14, 0.86, 0, 0
39.9529, 0.138, 0.862, 0, 0
40.0603, 0.138, 0.862, 0, 0
40.1674, 0.134, 0.866, 0, 0
40.2745, 0.14, 0.86, 0, 0
40.375, 0.144, 0.856, 0, 0
40.4836, 0.154, 0.846, 0, 0
40.589, 0.156, 0.844, 0, 0.002
40.694, 0.152, 0.848, 0, 0
40.7975, 0.144, 0.856, 0, 0
40.9029, 0.14, 0.86, 0, 0
41.0088, 0.138, 0.862, 0, 0
41.1141, 0.132, 0.868, 0, 0
41.2214, 0.132, 0.868, 0, 0
41.3273, 0.138, 0.862, 0, 0
41.4372, 0.138, 0.862, 0, 0
41.5446, 0.144, 0.856, 0, 0
41.6567, 0.144, 0.856, 0, 0
41.7638, 0.15, 0.85, 0, 0
41.8703, 0.152, 0.848, 0, 0
41.9789, 0.154, 0.846, 0, 0
42.0878, 0.158, 0.842, 0, 0
42.1966, 0.162, 0.838, 0, 0
42.3037, 0.166, 0.834, 0, 0
42.412, 0.17, 0.83, 0, 0
42.5159, 0.172, 0.828, 0, 0
42.6196, 0.174, 0.826, 0, 0
42.7231, 0.174, 0.826, 0, 0
42.7523, 0.174, 0.826, 0, 0
42.8572, 0.168, 0.832, 0, 0
42.9616, 0.168, 0.832, 0, 0
43.0673, 0.168, 0.832, 0, 0
43.1759, 0.164, 0.836, 0, 0
43.2843, 0.16, 0.84, 0, 0
43.3936, 0.152, 0.848, 0, 0
43.502, 0.152, 0.848, 0, 0
43.6123, 0.15, 0.85, 0, 0
43.7192, 0.152, 0.848, 0, 0
43.8239, 0.134, 0.866, 0, 0
43.9313, 0.144, 0.856, 0, 0
44.0401, 0.158, 0.842, 0, 0.002
44.1454, 0.164, 0.836, 0, 0.002
44.2507, 0.164, 0.836, 0, 0.002
44.3566, 0.164, 0.836, 0, 0.002
44.4615, 0.172, 0.828, 0, 0.002
44.5666, 0.16, 0.84, 0, 0
44.671, 0.146, 0.854, 0, 0
44.7803, 0.142, 0.858, 0, 0
44.8844, 0.142, 0.858, 0, 0
44.9892, 0.15, 0.85, 0, 0
45.0932, 0.152, 0.848, 0, 0
45.201, 0.148, 0.852, 0, 0
45.305, 0.148, 0.852, 0, 0
45.413, 0.148, 0.852, 0, 0
45.5216, 0.15, 0.85, 0, 0
45.6307, 0.152, 0.848, 0, 0
45.7386, 0.154, 0.846, 0, 0
45.8506, 0.156, 0.844, 0, 0
45.9646, 0.164, 0.836, 0, 0
46.0729, 0.172, 0.828, 0, 0
46.1787, 0.172, 0.828, 0, 0
46.2846, 0.174, 0.826, 0, 0
46.3886, 0.174, 0.826, 0, 0
46.495, 0.164, 0.836, 0, 0
46.6029, 0.154, 0.846, 0, 0
46.7114, 0.144, 0.856, 0, 0
46.8225, 0.148, 0.852, 0, 0
46.9287, 0.144, 0.856, 0, 0
47.0353, 0.136, 0.864, 0, 0
47.1405, 0.138, 0.862, 0, 0
47.2477, 0.13, 0.87, 0, 0
47.3335, 0.13, 0.87, 0, 0
47.4404, 0.124, 0.876, 0, 0
47.545, 0.124, 0.876, 0, 0
47.6502, 0.124, 0.876, 0, 0
47.7561, 0.124, 0.876, 0, 0
47.8621, 0.114, 0.886, 0, 0
47.971, 0.112, 0.888, 0, 0.002
48.0784, 0.12, 0.88, 0, 0
48.189, 0.126, 0.874, 0, 0
48.294, 0.126, 0.874, 0, 0
48.4014, 0.128, 0.872, 0, 0
48.516, 0.13, 0.87, 0, 0
48.6238, 0.116, 0.884, 0, 0
48.7291, 0.128, 0.872, 0, 0
48.8349, 0.12, 0.88, 0, 0
48.9406, 0.12, 0.88, 0, 0
49.0466, 0.116, 0.884, 0, 0
49.152, 0.116, 0.884, 0, 0
49.2606, 0.116, 0.884, 0, 0
49.3676, 0.12, 0.88, 0, 0
49.4144, 0.116, 0.884, 0, 0
49.5206, 0.11, 0.89, 0, 0
49.6278, 0.104, 0.896, 0, 0
49.7331, 0.104, 0.896, 0, 0
49.8376, 0.104, 0.896, 0, 0
49.9454, 0.102, 0.898, 0, 0
50.0543, 0.102, 0.898, 0, 0
50.1631, 0.104, 0.896, 0, 0
50.2714, 0.104, 0.896, 0, 0
50.3824, 0.104, 0.896, 0, 0
50.4972, 0.102, 0.898, 0, 0
50.6056, 0.102, 0.898, 0, 0
50.7177, 0.1, 0.9, 0, 0
50.8318, 0.1, 0.9, 0, 0
50.9362, 0.1, 0.9, 0, 0
51.0426, 0.1, 0.9, 0, 0
51.1518, 0.1, 0.9, 0, 0
51.2605, 0.1, 0.9, 0, 0
51.3691, 0.1, 0.9, 0, 0
51.4772, 0.096, 0.904, 0, 0
51.5825, 0.09, 0.91, 0, 0
51.6904, 0.094, 0.906, 0, 0
51.7329, 0.094, 0.906, 0, 0
51.8429, 0.098, 0.902, 0, 0
51.9559, 0.1, 0.9, 0, 0
52.0651, 0.102, 0.898, 0, 0
52.1753, 0.108, 0.892, 0, 0
52.2842, 0.108, 0.892, 0, 0
52.3952, 0.108, 0.892, 0, 0
52.5037, 0.108, 0.892, 0, 0
52.6183, 0.108, 0.892, 0, 0
52.727, 0.116, 0.884, 0, 0
52.8369, 0.116, 0.884, 0, 0
52.9554, 0.118, 0.882, 0, 0
53.0672, 0.134, 0.866, 0, 0
53.1738, 0.158, 0.842, 0, 0
53.2799, 0.158, 0.842, 0, 0
53.3872, 0.166, 0.834, 0, 0
53.4933, 0.166, 0.834, 0, 0
53.6017, 0.164, 0.836, 0, 0
53.7109, 0.166, 0.834, 0, 0
53.826, 0.166, 0.834, 0, 0
53.859, 0.166, 0.834, 0, 0
53.9658, 0.164, 0.836, 0, 0
54.0755, 0.154, 0.846, 0, 0
54.1858, 0.152, 0.848, 0, 0
54.2959, 0.152, 0.848, 0, 0
54.4058, 0.152, 0.848, 0, 0
54.5155, 0.152, 0.848, 0, 0
54.6249, 0.152, 0.848, 0, 0
54.7437, 0.15, 0.85, 0, 0
54.853, 0.156, 0.844, 0, 0
54.9625, 0.154, 0.846, 0, 0
55.0719, 0.152, 0.848, 0, 0
55.1813, 0.152, 0.848, 0, 0
55.2902, 0.15, 0.85, 0, 0
55.4086, 0.148, 0.852, 0, 0
55.5158, 0.142, 0.858, 0, 0
55.6243, 0.126, 0.874, 0, 0
55.7329, 0.118, 0.882, 0, 0
55.8402, 0.106, 0.894, 0, 0
55.9473, 0.102, 0.898, 0, 0
56.0529, 0.096, 0.904, 0, 0
56.1714, 0.088, 0.912, 0, 0
56.2827, 0.096, 0.904, 0, 0
56.3907, 0.096, 0.904, 0, 0
56.4972, 0.088, 0.912, 0, 0
56.6039, 0.088, 0.912, 0, 0
56.71, 0.088, 0.912, 0, 0
56.8166, 0.094, 0.906, 0, 0
56.9231, 0.104, 0.896, 0, 0
57.0295, 0.1, 0.9, 0, 0
57.1363, 0.1, 0.9, 0, 0
57.2438, 0.1, 0.9, 0, 0
57.3509, 0.1, 0.9, 0, 0
57.4568, 0.102, 0.898, 0, 0
57.5625, 0.102, 0.898, 0, 0
57.6732, 0.1, 0.9, 0, 0
57.7826, 0.102, 0.898, 0, 0
57.8917, 0.104, 0.896, 0, 0
57.9981, 0.11, 0.89, 0, 0
58.1036, 0.11, 0.89, 0, 0
58.2102, 0.11, 0.89, 0, 0
58.3168, 0.11, 0.89, 0, 0
58.4219, 0.11, 0.89, 0, 0
58.5279, 0.11, 0.89, 0, 0
58.6344, 0.108, 0.892, 0, 0
58.741, 0.112, 0.888, 0, 0
58.781, 0.108, 0.892, 0, 0
58.8996, 0.104, 0.896, 0, 0
59.0052, 0.104, 0.896, 0, 0
59.1102, 0.106, 0.894, 0, 0
59.2208, 0.106, 0.894, 0, 0
59.3312, 0.106, 0.894, 0, 0
59.4404, 0.108, 0.892, 0, 0
59.5497, 0.108, 0.892, 0, 0
59.667, 0.11, 0.89, 0, 0
59.7709, 0.108, 0.892, 0, 0
59.8807, 0.108, 0.892, 0, 0
59.9875, 0.106, 0.894, 0, 0
60.0952, 0.106, 0.894, 0, 0
60.2016, 0.1, 0.9, 0, 0
60.3079, 0.098, 0.902, 0, 0
60.4156, 0.1, 0.9, 0, 0
60.5219, 0.09, 0.91, 0, 0
60.6277, 0.09, 0.91, 0, 0
60.7409, 0.086, 0.914, 0, 0
60.8447, 0.086, 0.914, 0, 0
60.9628, 0.082, 0.918, 0, 0
61.0721, 0.092, 0.908, 0, 0.002
61.179, 0.094, 0.906, 0, 0
61.2844, 0.094, 0.906, 0, 0
61.3948, 0.092, 0.908, 0, 0
61.5007, 0.094, 0.906, 0, 0
61.6108, 0.092, 0.908, 0, 0
61.7212, 0.09, 0.91, 0, 0
61.8318, 0.088, 0.912, 0, 0
61.9412, 0.086, 0.914, 0, 0
62.0537, 0.09, 0.91, 0, 0
62.169, 0.09, 0.91, 0, 0
62.2785, 0.094, 0.906, 0, 0
62.3874, 0.092, 0.908, 0, 0
62.4918, 0.09, 0.91, 0, 0
62.5963, 0.09, 0.91, 0, 0
62.7067, 0.09, 0.91, 0, 0
62.8178, 0.09, 0.91, 0, 0
62.9278, 0.092, 0.908, 0, 0
63.0373, 0.092, 0.908, 0, 0
63.1284, 0.092, 0.908, 0, 0
63.2363, 0.096, 0.904, 0, 0
63.3495, 0.102, 0.898, 0, 0
63.4585, 0.104, 0.896, 0, 0
63.5792, 0.106, 0.894, 0, 0
63.6928, 0.108, 0.892, 0, 0
63.799, 0.106, 0.894, 0, 0
63.9057, 0.104, 0.896, 0, 0
64.0125, 0.104, 0.896, 0, 0
64.1182, 0.104, 0.896, 0, 0
64.2234, 0.104, 0.896, 0, 0
64.3294, 0.106, 0.894, 0, 0
64.439, 0.11, 0.89, 0, 0
64.5042, 0.112, 0.888, 0, 0
64.6104, 0.112, 0.888, 0, 0
64.7161, 0.108, 0.892, 0, 0
64.8234, 0.108, 0.892, 0, 0
64.9325, 0.108, 0.892, 0, 0
65.039, 0.106, 0.894, 0, 0
65.1441, 0.106, 0.894, 0, 0
65.2504, 0.112, 0.888, 0, 0
65.3581, 0.118, 0.882, 0, 0
65.4637, 0.126, 0.874, 0, 0
65.5744, 0.136, 0.864, 0, 0
65.6818, 0.132, 0.868, 0, 0
65.7871, 0.134, 0.866, 0, 0
65.8932, 0.13, 0.87, 0, 0
65.9989, 0.126, 0.874, 0, 0
66.1068, 0.124, 0.876, 0, 0
66.2125, 0.126, 0.874, 0, 0
66.3172, 0.116, 0.884, 0, 0
66.4274, 0.102, 0.898, 0, 0
66.5327, 0.116, 0.884, 0, 0
66.6385, 0.118, 0.882, 0, 0
66.7466, 0.114, 0.886, 0, 0
66.8528, 0.114, 0.886, 0, 0
66.9582, 0.112, 0.888, 0, 0
67.0698, 0.11, 0.89, 0, 0
67.1816, 0.11, 0.89, 0, 0
67.2965, 0.11, 0.89, 0, 0
67.4047, 0.108, 0.892, 0, 0
67.5143, 0.106, 0.894, 0, 0
67.6262, 0.104, 0.896, 0, 0
67.6704, 0.11, 0.89, 0, 0
67.7781, 0.11, 0.89, 0, 0
67.8827, 0.11, 0.89, 0, 0
68.003, 0.112, 0.888, 0, 0
68.1147, 0.112, 0.888, 0, 0
68.2265, 0.114, 0.886, 0, 0
68.3378, 0.116, 0.884, 0, 0
68.4492, 0.118, 0.882, 0, 0
68.5606, 0.12, 0.88, 0, 0
68.6738, 0.12, 0.88, 0, 0
68.7884, 0.12, 0.88, 0, 0
68.9065, 0.116, 0.884, 0, 0
69.016, 0.116, 0.884, 0, 0
69.1288, 0.116, 0.884, 0, 0
69.2372, 0.116, 0.884, 0, 0
69.3425, 0.13, 0.87, 0, 0
69.4493, 0.128, 0.872, 0, 0
69.5561, 0.128, 0.872, 0, 0
69.6616, 0.126, 0.874, 0, 0
69.7681, 0.128, 0.872, 0, 0
69.8756, 0.142, 0.858, 0, 0.002
69.9821, 0.152, 0.848, 0, 0.002
70.0925, 0.128, 0.872, 0, 0.002
70.1983, 0.154, 0.846, 0, 0.002
70.3081, 0.172, 0.828, 0, 0.002
70.3373, 0.174, 0.826, 0, 0.002
70.444, 0.168, 0.832, 0, 0.002
70.55, 0.146, 0.854, 0, 0.002
70.6568, 0.134, 0.866, 0, 0.004
70.767, 0.128, 0.872, 0, 0
70.8771, 0.128, 0.872, 0, 0
70.9855, 0.124, 0.876, 0, 0
71.0955, 0.12, 0.88, 0, 0
71.2047, 0.126, 0.874, 0, 0
71.3181, 0.118, 0.882, 0, 0
71.4244, 0.118, 0.882, 0, 0
71.5366, 0.122, 0.878, 0, 0
71.6487, 0.12, 0.88, 0, 0
71.7599, 0.114, 0.886, 0, 0
71.8729, 0.108, 0.892, 0, 0
71.9867, 0.108, 0.892, 0, 0
72.1053, 0.108, 0.892, 0, 0
72.2189, 0.106, 0.894, 0, 0
72.3246, 0.122, 0.878, 0, 0
72.4307, 0.122, 0.878, 0, 0
72.5415, 0.122, 0.878, 0, 0
72.6523, 0.12, 0.88, 0, 0
72.7668, 0.118, 0.882, 0, 0
72.8798, 0.118, 0.882, 0, 0
72.9928, 0.118, 0.882, 0, 0
73.1055, 0.118, 0.882, 0, 0
73.2185, 0.118, 0.882, 0, 0
73.3251, 0.118, 0.882, 0, 0
73.4381, 0.118, 0.882, 0, 0
73.5501, 0.12, 0.88, 0, 0
73.6551, 0.122, 0.878, 0, 0
73.6648, 0.122, 0.878, 0, 0
73.7735, 0.122, 0.878, 0, 0
73.8844, 0.122, 0.878, 0, 0
73.9924, 0.122, 0.878, 0, 0
74.0996, 0.122, 0.878, 0, 0
74.2068, 0.122, 0.878, 0, 0
74.3141, 0.126, 0.874, 0, 0
74.4204, 0.124, 0.876, 0, 0
74.5296, 0.12, 0.88, 0, 0
74.6427, 0.118, 0.882, 0, 0
74.7482, 0.126, 0.874, 0, 0
74.8576, 0.124, 0.876, 0, 0
74.9659, 0.124, 0.876, 0, 0
75.0777, 0.116, 0.884, 0, 0
75.1966, 0.114, 0.886, 0, 0
75.3028, 0.108, 0.892, 0, 0
75.4163, 0.108, 0.892, 0, 0
75.5296, 0.11, 0.89, 0, 0
75.6397, 0.11, 0.89, 0, 0
75.7502, 0.108, 0.892, 0, 0
75.8729, 0.108, 0.892, 0, 0
75.9892, 0.102, 0.898, 0, 0
76.1022, 0.1, 0.9, 0, 0
76.2034, 0.1, 0.9, 0, 0
76.3114, 0.098, 0.902, 0, 0
76.4194, 0.1, 0.9, 0, 0
76.5332, 0.1, 0.9, 0, 0
76.6465, 0.096, 0.904, 0, 0
76.76, 0.096, 0.904, 0, 0
76.8702, 0.096, 0.904, 0, 0
76.9951, 0.096, 0.904, 0, 0
77.1201, 0.096, 0.904, 0, 0
77.2325, 0.106, 0.894, 0, 0
77.3427, 0.106, 0.894, 0, 0
77.4544, 0.106, 0.894, 0, 0
77.5655, 0.106, 0.894, 0, 0
77.6722, 0.106, 0.894, 0, 0
77.7786, 0.106, 0.894, 0, 0
77.8856, 0.104, 0.896, 0, 0
77.9929, 0.104, 0.896, 0, 0
78.0997, 0.104, 0.896, 0, 0
78.206, 0.1, 0.9, 0, 0
78.3133, 0.1, 0.9, 0, 0
78.4313, 0.102, 0.898, 0, 0
78.5427, 0.106, 0.894, 0, 0
78.6562, 0.106, 0.894, 0, 0
78.7653, 0.108, 0.892, 0, 0
78.8723, 0.108, 0.892, 0, 0
78.9797, 0.108, 0.892, 0, 0
79.0873, 0.108, 0.892, 0, 0
79.1963, 0.108, 0.892, 0, 0
79.3059, 0.108, 0.892, 0, 0
79.4213, 0.108, 0.892, 0, 0
79.5337, 0.106, 0.894, 0, 0
79.6396, 0.11, 0.89, 0, 0
79.7582, 0.11, 0.89, 0, 0
79.8712, 0.114, 0.886, 0, 0
79.9821, 0.11, 0.89, 0, 0
80.0907, 0.11, 0.89, 0, 0
80.1993, 0.11, 0.89, 0, 0
80.3079, 0.112, 0.888, 0, 0
80.421, 0.11, 0.89, 0, 0
80.5353, 0.11, 0.89, 0, 0
80.6514, 0.116, 0.884, 0, 0
80.7594, 0.116, 0.884, 0, 0
80.8682, 0.118, 0.882, 0, 0
80.9828, 0.118, 0.882, 0, 0
81.0903, 0.116, 0.884, 0, 0
81.1989, 0.118, 0.882, 0, 0
81.3054, 0.114, 0.886, 0, 0
81.4135, 0.114, 0.886, 0, 0
81.5201, 0.114, 0.886, 0, 0
81.6266, 0.114, 0.886, 0, 0
81.7383, 0.112, 0.888, 0, 0
81.8484, 0.112, 0.888, 0, 0
81.9638, 0.114, 0.886, 0, 0
82.0302, 0.114, 0.886, 0, 0
82.1387, 0.114, 0.886, 0, 0
82.2529, 0.112, 0.888, 0, 0
82.3672, 0.112, 0.888, 0, 0
82.4812, 0.112, 0.888, 0, 0
82.5964, 0.11, 0.89, 0, 0
82.7087, 0.108, 0.892, 0, 0
82.819, 0.106, 0.894, 0, 0
82.9363, 0.108, 0.892, 0, 0
83.0498, 0.112, 0.888, 0, 0
83.158, 0.112, 0.888, 0, 0
83.2672, 0.112, 0.888, 0, 0
83.3821, 0.112, 0.888, 0, 0
83.4957, 0.112, 0.888, 0, 0
83.6028, 0.112, 0.888, 0, 0
83.7105, 0.112, 0.888, 0, 0
83.8166, 0.11, 0.89, 0, 0
83.9257, 0.11, 0.89, 0, 0
84.0462, 0.11, 0.89, 0, 0
84.1655, 0.108, 0.892, 0, 0
84.2836, 0.112, 0.888, 0, 0
84.3977, 0.112, 0.888, 0, 0
84.5113, 0.112, 0.888, 0, 0
84.6254, 0.114, 0.886, 0, 0
84.7371, 0.112, 0.888, 0, 0
84.8509, 0.112, 0.888, 0, 0
84.9649, 0.12, 0.88, 0, 0
85.0789, 0.136, 0.864, 0, 0.002
85.1931, 0.142, 0.858, 0, 0.002
85.303, 0.152, 0.848, 0, 0.002
85.41, 0.154, 0.846, 0, 0.002
85.5213, 0.15, 0.85, 0, 0.002
85.6303, 0.156, 0.844, 0, 0.002
85.7415, 0.162, 0.838, 0, 0.002
85.8523, 0.158, 0.842, 0, 0.002
85.8695, 0.158, 0.842, 0, 0.002
85.9768, 0.158, 0.842, 0, 0.002
86.0838, 0.156, 0.844, 0, 0.002
86.1908, 0.158, 0.842, 0, 0.002
86.2986, 0.158, 0.842, 0, 0.002
86.4105, 0.158, 0.842, 0, 0.002
86.5206, 0.138, 0.862, 0, 0.002
86.6328, 0.13, 0.87, 0, 0.002
86.7425, 0.118, 0.882, 0, 0
86.8495, 0.106, 0.894, 0, 0
86.9577, 0.116, 0.884, 0, 0
87.0677, 0.116, 0.884, 0, 0
87.1794, 0.114, 0.886, 0, 0
87.2881, 0.112, 0.888, 0, 0
87.4063, 0.112, 0.888, 0, 0
87.5208, 0.108, 0.892, 0, 0
87.6354, 0.108, 0.892, 0, 0
87.7415, 0.108, 0.892, 0, 0
87.8518, 0.108, 0.892, 0, 0
87.9655, 0.11, 0.89, 0, 0
88.089, 0.108, 0.892, 0, 0
88.2078, 0.102, 0.898, 0, 0
88.3213, 0.112, 0.888, 0, 0
88.437, 0.112, 0.888, 0, 0
88.5475, 0.112, 0.888, 0, 0
88.6558, 0.112, 0.888, 0, 0
88.7666, 0.112, 0.888, 0, 0
88.8766, 0.11, 0.89, 0, 0
88.9862, 0.11, 0.89, 0, 0
89.1003, 0.11, 0.89, 0, 0
89.1874, 0.11, 0.89, 0, 0
89.317, 0.11, 0.89, 0, 0
89.4408, 0.116, 0.884, 0, 0
89.5513, 0.12, 0.88, 0, 0
89.6696, 0.122, 0.878, 0, 0
89.7816, 0.12, 0.88, 0, 0
89.8886, 0.12, 0.88, 0, 0
89.9967, 0.12, 0.88, 0, 0
90.1063, 0.12, 0.88, 0, 0
90.2159, 0.12, 0.88, 0, 0
90.3249, 0.12, 0.88, 0, 0
90.4314, 0.12, 0.88, 0, 0
90.5402, 0.12, 0.88, 0, 0
90.6533, 0.118, 0.882, 0, 0
90.7674, 0.118, 0.882, 0, 0
90.8968, 0.118, 0.882, 0, 0
91.019, 0.126, 0.874, 0, 0
91.1258, 0.13, 0.87, 0, 0
91.2337, 0.13, 0.87, 0, 0
91.3491, 0.132, 0.868, 0, 0
91.4645, 0.132, 0.868, 0, 0
91.5804, 0.13, 0.87, 0, 0
91.7079, 0.13, 0.87, 0, 0
91.8327, 0.128, 0.872, 0, 0
91.9602, 0.128, 0.872, 0, 0
92.0562, 0.132, 0.868, 0, 0
92.1644, 0.13, 0.87, 0, 0
92.2728, 0.128, 0.872, 0, 0
92.3851, 0.13, 0.87, 0, 0
92.5014, 0.13, 0.87, 0, 0
92.6125, 0.13, 0.87, 0, 0
92.728, 0.136, 0.864, 0, 0
92.8441, 0.132, 0.868, 0, 0
92.9603, 0.13, 0.87, 0, 0
93.0755, 0.13, 0.87, 0, 0
93.19, 0.132, 0.868, 0, 0
93.3044, 0.134, 0.866, 0, 0
93.4271, 0.134, 0.866, 0, 0
93.5421, 0.134, 0.866, 0, 0
93.6479, 0.136, 0.864, 0, 0
93.7608, 0.142, 0.858, 0, 0
93.8736, 0.144, 0.856, 0, 0
93.9821, 0.144, 0.856, 0, 0
94.0979, 0.146, 0.854, 0, 0
94.214, 0.144, 0.856, 0, 0
94.3301, 0.144, 0.856, 0, 0
94.4409, 0.144, 0.856, 0, 0
94.5477, 0.144, 0.856, 0, 0
94.6564, 0.144, 0.856, 0, 0
94.7682, 0.14, 0.86, 0, 0
94.8758, 0.142, 0.858, 0, 0
94.9975, 0.14, 0.86, 0, 0
95.1107, 0.14, 0.86, 0, 0
95.2202, 0.142, 0.858, 0, 0
95.3291, 0.146, 0.854, 0, 0
95.4388, 0.144, 0.856, 0, 0
95.5498, 0.144, 0.856, 0, 0
95.6579, 0.144, 0.856, 0, 0
95.7681, 0.142, 0.858, 0, 0
95.8829, 0.144, 0.856, 0, 0
95.997, 0.142, 0.858, 0, 0
96.1035, 0.142, 0.858, 0, 0
96.2139, 0.146, 0.854, 0, 0
96.327, 0.144, 0.856, 0, 0
96.4449, 0.142, 0.858, 0, 0
96.5704, 0.142, 0.858, 0, 0
96.6867, 0.142, 0.858, 0, 0
96.8034, 0.142, 0.858, 0, 0
96.9199, 0.142, 0.858, 0, 0
97.0365, 0.142, 0.858, 0, 0
97.1438, 0.142, 0.858, 0, 0
97.2537, 0.14, 0.86, 0, 0
97.365, 0.14, 0.86, 0, 0
97.4735, 0.142, 0.858, 0, 0
97.5847, 0.14, 0.86, 0, 0
97.6981, 0.14, 0.86, 0, 0
97.8279, 0.138, 0.862, 0, 0
97.9447, 0.138, 0.862, 0, 0
98.0618, 0.136, 0.864, 0, 0
98.179, 0.134, 0.866, 0, 0
98.2953, 0.134, 0.866, 0, 0
98.4144, 0.136, 0.864, 0, 0
98.5415, 0.136, 0.864, 0, 0
98.6703, 0.132, 0.868, 0, 0.002
98.7849, 0.132, 0.868, 0, 0.002
98.8935, 0.14, 0.86, 0, 0.002
99.006, 0.144, 0.856, 0, 0.002
99.1241, 0.146, 0.854, 0, 0.004
99.2318, 0.144, 0.856, 0, 0.004
99.3403, 0.142, 0.858, 0, 0.004
99.4484, 0.138, 0.862, 0, 0.004
99.558, 0.138, 0.862, 0, 0.004
99.6701, 0.14, 0.86, 0, 0.004
99.7816, 0.142, 0.858, 0, 0.006
99.8943, 0.14, 0.86, 0, 0.006
100.002, 0.144, 0.856, 0, 0.006
100.111, 0.148, 0.852, 0, 0.006
100.224, 0.154, 0.846, 0, 0.006
100.341, 0.156, 0.844, 0, 0.006
100.449, 0.154, 0.846, 0, 0.006
100.558, 0.152, 0.848, 0, 0.006
100.667, 0.156, 0.844, 0, 0.006
100.777, 0.144, 0.856, 0, 0.006
100.886, 0.142, 0.858, 0, 0.006
100.993, 0.138, 0.862, 0, 0.004
101.108, 0.13, 0.87, 0, 0
101.221, 0.128, 0.872, 0, 0
101.334, 0.13, 0.87, 0, 0
101.44, 0.134, 0.866, 0, 0
101.548, 0.134, 0.866, 0, 0
101.663, 0.132, 0.868, 0, 0
101.777, 0.132, 0.868, 0, 0
101.887, 0.132, 0.868, 0, 0
101.996, 0.132, 0.868, 0, 0
102.105, 0.132, 0.868, 0, 0
102.218, 0.132, 0.868, 0, 0
102.327, 0.13, 0.87, 0, 0
102.435, 0.13, 0.87, 0, 0
102.551, 0.13, 0.87, 0, 0
102.661, 0.128, 0.872, 0, 0
102.773, 0.128, 0.872, 0, 0
102.881, 0.13, 0.87, 0, 0
102.994, 0.13, 0.87, 0, 0
103.123, 0.126, 0.874, 0, 0
103.251, 0.128, 0.872, 0, 0
103.368, 0.128, 0.872, 0, 0
103.479, 0.13, 0.87, 0, 0
103.591, 0.13, 0.87, 0, 0
103.702, 0.13, 0.87, 0, 0
103.811, 0.13, 0.87, 0, 0
103.931, 0.13, 0.87, 0, 0
104.048, 0.13, 0.87, 0, 0
104.157, 0.128, 0.872, 0, 0
104.268, 0.128, 0.872, 0, 0
104.383, 0.128, 0.872, 0, 0
104.495, 0.126, 0.874, 0, 0
104.608, 0.128, 0.872, 0, 0
104.726, 0.126, 0.874, 0, 0
104.834, 0.126, 0.874, 0, 0
104.945, 0.124, 0.876, 0, 0
105.057, 0.122, 0.878, 0, 0
105.191, 0.122, 0.878, 0, 0
105.323, 0.12, 0.88, 0, 0
105.439, 0.128, 0.872, 0, 0
105.565, 0.13, 0.87, 0, 0
105.701, 0.13, 0.87, 0, 0
105.819, 0.13, 0.87, 0, 0
105.938, 0.13, 0.87, 0, 0
106.052, 0.134, 0.866, 0, 0
106.17, 0.134, 0.866, 0, 0
106.285, 0.134, 0.866, 0, 0
106.402, 0.132, 0.868, 0, 0
106.524, 0.13, 0.87, 0, 0
106.651, 0.132, 0.868, 0, 0
106.768, 0.136, 0.864, 0, 0
106.881, 0.136, 0.864, 0, 0
106.998, 0.138, 0.862, 0, 0
107.116, 0.14, 0.86, 0, 0
107.232, 0.138, 0.862, 0, 0
107.346, 0.136, 0.864, 0, 0
107.464, 0.136, 0.864, 0, 0
107.579, 0.132, 0.868, 0, 0
107.695, 0.128, 0.872, 0, 0
107.824, 0.13, 0.87, 0, 0
107.954, 0.126, 0.874, 0, 0
108.07, 0.132, 0.868, 0, 0
108.181, 0.128, 0.872, 0, 0
108.3, 0.126, 0.874, 0, 0
108.428, 0.128, 0.872, 0, 0
108.566, 0.128, 0.872, 0, 0
108.685, 0.128, 0.872, 0, 0
108.803, 0.13, 0.87, 0, 0
108.923, 0.13, 0.87, 0, 0
109.04, 0.13, 0.87, 0, 0
109.157, 0.13, 0.87, 0, 0
109.292, 0.13, 0.87, 0, 0
109.423, 0.128, 0.872, 0, 0
109.54, 0.134, 0.866, 0, 0
109.676, 0.134, 0.866, 0, 0
109.793, 0.134, 0.866, 0, 0
109.919, 0.134, 0.866, 0, 0
110.034, 0.134, 0.866, 0, 0
110.147, 0.134, 0.866, 0, 0
110.258, 0.134, 0.866, 0, 0
110.37, 0.132, 0.868, 0, 0
110.48, 0.132, 0.868, 0, 0
110.603, 0.132, 0.868, 0, 0
110.718, 0.132, 0.868, 0, 0
110.829, 0.132, 0.868, 0, 0
110.944, 0.132, 0.868, 0, 0
111.06, 0.126, 0.874, 0, 0
111.139, 0.124, 0.876, 0, 0
111.261, 0.122, 0.878, 0, 0
111.398, 0.118, 0.882, 0, 0
111.517, 0.12, 0.88, 0, 0
111.635, 0.122, 0.878, 0, 0
111.752, 0.122, 0.878, 0, 0
111.869, 0.122, 0.878, 0, 0
111.985, 0.122, 0.878, 0, 0
112.108, 0.124, 0.876, 0, 0
112.237, 0.126, 0.874, 0, 0
112.367, 0.126, 0.874, 0, 0
112.484, 0.13, 0.87, 0, 0
112.601, 0.134, 0.866, 0, 0
112.722, 0.132, 0.868, 0, 0
112.846, 0.134, 0.866, 0, 0
112.965, 0.134, 0.866, 0, 0
113.084, 0.132, 0.868, 0, 0
113.203, 0.132, 0.868, 0, 0
113.321, 0.13, 0.87, 0, 0
113.439, 0.13, 0.87, 0, 0
113.577, 0.134, 0.866, 0, 0
113.71, 0.132, 0.868, 0, 0
113.827, 0.134, 0.866, 0, 0
113.907, 0.136, 0.864, 0, 0
114.019, 0.138, 0.862, 0, 0
114.144, 0.138, 0.862, 0, 0
114.269, 0.138, 0.862, 0, 0
114.388, 0.136, 0.864, 0, 0
114.507, 0.136, 0.864, 0, 0
114.627, 0.136, 0.864, 0, 0
114.746, 0.136, 0.864, 0, 0
114.863, 0.136, 0.864, 0, 0
114.996, 0.136, 0.864, 0, 0
115.133, 0.136, 0.864, 0, 0
115.266, 0.13, 0.87, 0, 0
115.383, 0.136, 0.864, 0, 0
115.627, 0.138, 0.862, 0, 0
115.746, 1, 1, 0, 0
115.877, 1, 1, 0, 0
115.999, 1, 1, 0, 0
116.121, 1, 1, 0, 0
116.244, 1, 1, 0, 0
116.36, 1, 1, 0, 0
116.474, 1, 1, 0, 0
116.59, 1, 1, 0, 0
116.706, 1, 1, 0, 0
116.822, 1, 1, 0, 0
116.938, 1, 1, 0, 0
117.06, 1, 1, 0, 0
117.176, 1, 1, 0, 0
117.274, 1, 1, 0, 0
117.384, 0.968, 0.968, 0.032, 0
117.493, 0.944, 0.944, 0.056, 0
117.602, 0.94, 0.94, 0.06, 0
117.716, 0.94, 0.94, 0.06, 0
117.828, 0.94, 0.94, 0.06, 0
117.938, 0.94, 0.94, 0.06, 0
118.054, 0.94, 0.94, 0.06, 0
118.177, 0.94, 0.94, 0.06, 0
118.301, 0.94, 0.94, 0.06, 0
118.412, 0.94, 0.94, 0.06, 0
118.535, 0.94, 0.94, 0.06, 0
118.657, 0.94, 0.94, 0.06, 0
118.778, 0.94, 0.94, 0.06, 0
118.894, 0.936, 0.936, 0.064, 0
119.007, 0.908, 0.908, 0.092, 0
119.118, 0.894, 0.894, 0.106, 0
119.229, 0.896, 0.896, 0.104, 0
119.34, 0.896, 0.896, 0.104, 0
119.451, 0.896, 0.896, 0.104, 0
119.56, 0.896, 0.896, 0.104, 0
119.675, 0.898, 0.898, 0.102, 0
119.798, 0.898, 0.898, 0.102, 0
119.921, 0.898, 0.898, 0.102, 0
120.04, 0.898, 0.898, 0.102, 0
120.161, 0.898, 0.898, 0.102, 0
120.282, 0.898, 0.898, 0.102, 0
120.393, 0.898, 0.898, 0.102, 0
120.512, 0.9, 0.9, 0.1, 0
120.633, 0.88, 0.88, 0.12, 0
120.751, 0.848, 0.848, 0.152, 0
120.871, 0.84, 0.84, 0.16, 0
120.99, 0.84, 0.84, 0.16, 0
121.111, 0.84, 0.84, 0.16, 0
121.232, 0.84, 0.84, 0.16, 0
121.353, 0.84, 0.84, 0.16, 0
121.466, 0.84, 0.84, 0.16, 0
121.579, 0.84, 0.84, 0.16, 0
121.69, 0.84, 0.84, 0.16, 0
121.803, 0.84, 0.84, 0.16, 0
121.915, 0.84, 0.84, 0.16, 0
122.026, 0.84, 0.84, 0.16, 0
122.138, 0.84, 0.84, 0.16, 0
122.25, 0.84, 0.84, 0.16, 0
122.361, 0.84, 0.84, 0.16, 0
122.472, 0.816, 0.816, 0.184, 0
122.582, 0.794, 0.794, 0.206, 0
122.694, 0.792, 0.792, 0.208, 0
122.806, 0.792, 0.792, 0.208, 0
122.922, 0.794, 0.794, 0.206, 0
123.033, 0.794, 0.794, 0.206, 0
123.069, 0.794, 0.794, 0.206, 0
123.181, 0.794, 0.794, 0.206, 0
123.293, 0.794, 0.794, 0.206, 0
123.405, 0.794, 0.794, 0.206, 0
123.518, 0.794, 0.794, 0.206, 0
123.63, 0.794, 0.794, 0.206, 0
123.741, 0.794, 0.794, 0.206, 0
123.853, 0.794, 0.794, 0.206, 0
123.964, 0.794, 0.794, 0.206, 0
124.074, 0.794, 0.794, 0.206, 0
124.186, 0.794, 0.794, 0.206, 0
124.309, 0.796, 0.796, 0.204, 0
124.431, 0.796, 0.796, 0.204, 0
124.555, 0.796, 0.796, 0.204, 0
124.677, 0.796, 0.796, 0.204, 0
124.801, 0.796, 0.796, 0.204, 0
124.922, 0.796, 0.796, 0.204, 0
125.031, 0.8, 0.8, 0.2, 0
125.145, 0.8, 0.8, 0.2, 0
125.265, 0.8, 0.8, 0.2, 0
125.39, 0.78, 0.78, 0.22, 0
125.506, 0.776, 0.776, 0.224, 0
125.618, 0.776, 0.776, 0.224, 0
125.728, 0.776, 0.776, 0.224, 0
125.84, 0.776, 0.776, 0.224, 0
125.953, 0.776, 0.776, 0.224, 0
126.066, 0.778, 0.778, 0.222, 0
126.18, 0.778, 0.778, 0.222, 0
126.293, 0.784, 0.784, 0.216, 0
126.405, 0.788, 0.788, 0.212, 0
126.517, 0.792, 0.792, 0.208, 0
126.556, 0.792, 0.792, 0.208, 0
126.67, 0.794, 0.794, 0.206, 0
126.78, 0.792, 0.792, 0.208, 0
126.889, 0.778, 0.778, 0.222, 0
126.999, 0.772, 0.772, 0.228, 0
127.109, 0.778, 0.778, 0.222, 0
127.223, 0.784, 0.784, 0.216, 0.002
127.342, 0.784, 0.784, 0.216, 0.002
127.454, 0.784, 0.784, 0.216, 0.002
127.565, 0.784, 0.784, 0.216, 0.004
127.676, 0.788, 0.788, 0.212, 0.002
127.788, 0.788, 0.788, 0.212, 0.002
127.899, 0.788, 0.788, 0.212, 0.002
128.013, 0.79, 0.79, 0.21, 0.002
128.123, 0.79, 0.79, 0.21, 0.002
128.234, 0.79, 0.79, 0.21, 0.002
128.347, 0.79, 0.79, 0.21, 0
128.457, 0.774, 0.774, 0.226, 0
128.568, 0.772, 0.772, 0.228, 0
128.679, 0.772, 0.772, 0.228, 0
128.79, 0.774, 0.774, 0.226, 0
128.901, 0.774, 0.774, 0.226, 0
129.014, 0.774, 0.774, 0.226, 0
129.109, 0.774, 0.774, 0.226, 0
129.221, 0.774, 0.774, 0.226, 0
129.333, 0.774, 0.774, 0.226, 0
129.445, 0.774, 0.774, 0.226, 0
129.558, 0.774, 0.774, 0.226, 0
129.669, 0.772, 0.772, 0.228, 0
129.781, 0.772, 0.772, 0.228, 0
129.892, 0.772, 0.772, 0.228, 0
130.006, 0.772, 0.772, 0.228, 0
130.117, 0.752, 0.752, 0.248, 0
130.228, 0.728, 0.728, 0.272, 0
130.338, 0.718, 0.718, 0.282, 0
130.45, 0.714, 0.714, 0.286, 0
130.561, 0.714, 0.714, 0.286, 0
130.672, 0.714, 0.714, 0.286, 0
130.783, 0.714, 0.714, 0.286, 0
130.895, 0.714, 0.714, 0.286, 0
131.011, 0.714, 0.714, 0.286, 0
131.129, 0.714, 0.714, 0.286, 0
131.244, 0.714, 0.714, 0.286, 0
131.368, 0.714, 0.714, 0.286, 0
131.492, 0.714, 0.714, 0.286, 0
131.616, 0.714, 0.714, 0.286, 0
131.738, 0.714, 0.714, 0.286, 0
131.861, 0.714, 0.714, 0.286, 0
131.984, 0.714, 0.714, 0.286, 0
132.106, 0.686, 0.686, 0.314, 0
132.227, 0.662, 0.662, 0.338, 0
132.348, 0.662, 0.662, 0.338, 0
132.473, 0.664, 0.664, 0.336, 0
132.574, 0.664, 0.664, 0.336, 0
132.685, 0.664, 0.664, 0.336, 0
132.801, 0.664, 0.664, 0.336, 0
132.924, 0.664, 0.664, 0.336, 0
133.045, 0.664, 0.664, 0.336, 0
133.162, 0.664, 0.664, 0.336, 0
133.273, 0.664, 0.664, 0.336, 0
133.385, 0.662, 0.662, 0.338, 0
133.497, 0.664, 0.664, 0.336, 0
133.608, 0.64, 0.64, 0.36, 0
133.722, 0.626, 0.626, 0.374, 0.002
133.833, 0.622, 0.622, 0.378, 0.002
133.946, 0.622, 0.622, 0.378, 0.002
134.063, 0.624, 0.624, 0.376, 0.002
134.177, 0.624, 0.624, 0.376, 0.002
134.29, 0.624, 0.624, 0.376, 0.002
134.4, 0.624, 0.624, 0.376, 0.002
134.517, 0.624, 0.624, 0.376, 0.002
134.636, 0.624, 0.624, 0.376, 0.002
134.759, 0.624, 0.624, 0.376, 0.002
134.882, 0.624, 0.624, 0.376, 0.002
135.004, 0.624, 0.624, 0.376, 0.002
135.129, 0.624, 0.624, 0.376, 0.002
135.251, 0.624, 0.624, 0.376, 0.002
135.374, 0.624, 0.624, 0.376, 0.002
135.494, 0.592, 0.592, 0.408, 0.002
135.615, 0.582, 0.582, 0.418, 0.002
135.655, 0.58, 0.58, 0.42, 0.002
135.767, 0.578, 0.578, 0.422, 0.002
135.878, 0.578, 0.578, 0.422, 0.002
135.99, 0.578, 0.578, 0.422, 0.002
136.1, 0.58, 0.58, 0.42, 0.002
136.21, 0.58, 0.58, 0.42, 0.002
136.321, 0.582, 0.582, 0.418, 0.002
136.432, 0.584, 0.584, 0.416, 0.002
136.543, 0.584, 0.584, 0.416, 0.002
136.659, 0.584, 0.584, 0.416, 0.002
136.782, 0.586, 0.586, 0.414, 0.002
136.904, 0.586, 0.586, 0.414, 0.002
137.025, 0.586, 0.586, 0.414, 0.002
137.147, 0.586, 0.586, 0.414, 0.002
137.267, 0.562, 0.562, 0.438, 0.002
137.382, 0.538, 0.538, 0.462, 0.002
137.493, 0.534, 0.534, 0.466, 0
137.603, 0.53, 0.53, 0.47, 0
137.715, 0.53, 0.53, 0.47, 0
137.826, 0.53, 0.53, 0.47, 0
137.942, 0.532, 0.532, 0.468, 0
138.065, 0.532, 0.532, 0.468, 0
138.186, 0.532, 0.532, 0.468, 0
138.309, 0.532, 0.532, 0.468, 0
138.429, 0.532, 0.532, 0.468, 0
138.551, 0.532, 0.532, 0.468, 0
138.612, 0.532, 0.532, 0.468, 0
138.725, 0.532, 0.532, 0.468, 0
138.836, 0.534, 0.534, 0.466, 0
138.945, 0.524, 0.524, 0.476, 0
139.057, 0.5, 0.5, 0.5, 0
139.166, 0.494, 0.494, 0.506, 0
139.276, 0.494, 0.494, 0.506, 0
139.391, 0.494, 0.494, 0.506, 0
139.506, 0.494, 0.494, 0.506, 0
139.621, 0.494, 0.494, 0.506, 0
139.732, 0.494, 0.494, 0.506, 0
139.853, 0.496, 0.496, 0.504, 0
139.976, 0.496, 0.496, 0.504, 0
140.098, 0.496, 0.496, 0.504, 0
140.22, 0.496, 0.496, 0.504, 0
140.342, 0.496, 0.496, 0.504, 0
140.465, 0.496, 0.496, 0.504, 0
140.587, 0.494, 0.494, 0.506, 0
140.708, 0.468, 0.468, 0.532, 0
140.828, 0.456, 0.456, 0.544, 0
140.948, 0.45, 0.45, 0.55, 0
141.069, 0.452, 0.452, 0.548, 0
141.193, 0.456, 0.456, 0.544, 0
141.315, 0.458, 0.458, 0.542, 0
141.385, 0.46, 0.46, 0.54, 0
141.507, 0.464, 0.464, 0.536, 0
141.63, 0.468, 0.468, 0.532, 0
141.752, 0.468, 0.468, 0.532, 0
141.876, 0.468, 0.468, 0.532, 0
141.998, 0.472, 0.472, 0.528, 0
142.119, 0.474, 0.474, 0.526, 0
142.242, 0.474, 0.474, 0.526, 0
142.365, 0.474, 0.474, 0.526, 0
142.487, 0.466, 0.466, 0.534, 0
142.608, 0.456, 0.456, 0.544, 0
142.73, 0.46, 0.46, 0.54, 0
142.852, 0.46, 0.46, 0.54, 0
142.974, 0.462, 0.462, 0.538, 0
143.093, 0.462, 0.462, 0.538, 0
143.212, 0.464, 0.464, 0.536, 0
143.337, 0.464, 0.464, 0.536, 0
143.459, 0.466, 0.466, 0.534, 0
143.582, 0.466, 0.466, 0.534, 0
143.705, 0.468, 0.468, 0.532, 0
143.826, 0.472, 0.472, 0.528, 0
143.946, 0.472, 0.472, 0.528, 0
144.061, 0.472, 0.472, 0.528, 0
144.173, 0.46, 0.46, 0.54, 0
144.291, 0.448, 0.448, 0.552, 0
144.411, 0.448, 0.448, 0.552, 0
144.532, 0.448, 0.448, 0.552, 0
144.601, 0.448, 0.448, 0.552, 0
144.716, 0.448, 0.448, 0.552, 0
144.827, 0.45, 0.45, 0.55, 0
144.953, 0.456, 0.456, 0.544, 0
145.074, 0.458, 0.458, 0.542, 0
145.196, 0.458, 0.458, 0.542, 0
145.316, 0.458, 0.458, 0.542, 0
145.438, 0.456, 0.456, 0.544, 0
145.556, 0.458, 0.458, 0.542, 0
145.672, 0.46, 0.46, 0.54, 0
145.782, 0.46, 0.46, 0.54, 0
145.892, 0.444, 0.444, 0.556, 0
146.002, 0.444, 0.444, 0.556, 0
146.114, 0.444, 0.444, 0.556, 0
146.226, 0.444, 0.444, 0.556, 0
146.337, 0.446, 0.446, 0.554, 0
146.455, 0.446, 0.446, 0.554, 0
146.578, 0.446, 0.446, 0.554, 0
146.698, 0.446, 0.446, 0.554, 0
146.821, 0.446, 0.446, 0.554, 0
146.944, 0.446, 0.446, 0.554, 0
147.062, 0.446, 0.446, 0.554, 0
147.183, 0.448, 0.448, 0.552, 0
147.232, 0.448, 0.448, 0.552, 0
147.354, 0.448, 0.448, 0.552, 0
147.477, 0.45, 0.45, 0.55, 0
147.598, 0.434, 0.434, 0.566, 0
147.723, 0.434, 0.434, 0.566, 0
147.843, 0.434, 0.434, 0.566, 0
147.969, 0.434, 0.434, 0.566, 0
148.091, 0.436, 0.436, 0.564, 0
148.218, 0.436, 0.436, 0.564, 0
148.35, 0.436, 0.436, 0.564, 0
148.469, 0.436, 0.436, 0.564, 0
148.578, 0.436, 0.436, 0.564, 0
148.7, 0.436, 0.436, 0.564, 0
148.818, 0.436, 0.436, 0.564, 0
148.942, 0.434, 0.434, 0.566, 0
149.06, 0.404, 0.404, 0.596, 0
149.181, 0.406, 0.406, 0.594, 0
149.298, 0.406, 0.406, 0.594, 0
149.414, 0.408, 0.408, 0.592, 0
149.54, 0.412, 0.412, 0.588, 0
149.66, 0.424, 0.424, 0.576, 0
149.783, 0.424, 0.424, 0.576, 0
149.902, 0.434, 0.434, 0.566, 0
150.017, 0.444, 0.444, 0.556, 0
150.129, 0.46, 0.46, 0.54, 0
150.239, 0.466, 0.466, 0.534, 0
150.367, 0.468, 0.468, 0.532, 0
150.488, 0.476, 0.476, 0.524, 0
150.603, 0.468, 0.468, 0.532, 0
150.713, 0.442, 0.442, 0.558, 0
150.824, 0.442, 0.442, 0.558, 0
150.937, 0.438, 0.438, 0.562, 0
151.05, 0.438, 0.438, 0.562, 0
151.163, 0.438, 0.438, 0.562, 0
151.276, 0.438, 0.438, 0.562, 0
151.388, 0.438, 0.438, 0.562, 0
151.5, 0.442, 0.442, 0.558, 0
151.611, 0.442, 0.442, 0.558, 0
151.723, 0.442, 0.442, 0.558, 0
151.835, 0.442, 0.442, 0.558, 0
151.947, 0.442, 0.442, 0.558, 0
152.064, 0.442, 0.442, 0.558, 0
152.18, 0.446, 0.446, 0.554, 0
152.29, 0.436, 0.436, 0.564, 0
152.4, 0.414, 0.414, 0.586, 0
152.512, 0.418, 0.418, 0.582, 0
152.625, 0.42, 0.42, 0.58, 0
152.659, 0.422, 0.422, 0.578, 0
152.774, 0.422, 0.422, 0.578, 0
152.897, 0.422, 0.422, 0.578, 0
153.027, 0.424, 0.424, 0.576, 0
153.146, 0.426, 0.426, 0.574, 0
153.261, 0.428, 0.428, 0.572, 0
153.374, 0.43, 0.43, 0.57, 0
153.488, 0.432, 0.432, 0.568, 0
153.6, 0.434, 0.434, 0.566, 0
153.715, 0.436, 0.436, 0.564, 0
153.837, 0.436, 0.436, 0.564, 0
153.962, 0.438, 0.438, 0.562, 0
154.084, 0.438, 0.438, 0.562, 0
154.21, 0.422, 0.422, 0.578, 0
154.331, 0.402, 0.402, 0.598, 0
154.452, 0.402, 0.402, 0.598, 0
154.574, 0.4, 0.4, 0.6, 0
154.695, 0.4, 0.4, 0.6, 0
154.821, 0.402, 0.402, 0.598, 0
154.944, 0.402, 0.402, 0.598, 0
155.071, 0.402, 0.402, 0.598, 0
155.198, 0.404, 0.404, 0.596, 0
155.314, 0.402, 0.402, 0.598, 0
155.428, 0.402, 0.402, 0.598, 0
155.539, 0.404, 0.404, 0.596, 0
155.619, 0.404, 0.404, 0.596, 0
155.735, 0.404, 0.404, 0.596, 0
155.85, 0.406, 0.406, 0.594, 0
155.963, 0.398, 0.398, 0.602, 0
156.074, 0.372, 0.372, 0.628, 0
156.184, 0.364, 0.364, 0.636, 0
156.299, 0.366, 0.366, 0.634, 0
156.413, 0.366, 0.366, 0.634, 0
156.526, 0.368, 0.368, 0.632, 0
156.638, 0.368, 0.368, 0.632, 0
156.749, 0.368, 0.368, 0.632, 0
156.863, 0.368, 0.368, 0.632, 0
156.99, 0.37, 0.37, 0.63, 0
157.121, 0.37, 0.37, 0.63, 0
157.242, 0.37, 0.37, 0.63, 0
157.361, 0.37, 0.37, 0.63, 0
157.471, 0.37, 0.37, 0.63, 0
157.584, 0.37, 0.37, 0.63, 0
157.71, 0.374, 0.374, 0.626, 0
157.834, 0.368, 0.368, 0.632, 0
157.956, 0.34, 0.34, 0.66, 0
158.078, 0.334, 0.334, 0.666, 0
158.201, 0.336, 0.336, 0.664, 0
158.244, 0.336, 0.336, 0.664, 0
158.359, 0.338, 0.338, 0.662, 0.008
158.469, 0.344, 0.344, 0.656, 0
158.587, 0.35, 0.35, 0.65, 0
158.71, 0.354, 0.354, 0.646, 0
158.839, 0.356, 0.356, 0.644, 0
158.963, 0.36, 0.36, 0.64, 0
159.088, 0.366, 0.366, 0.634, 0
159.22, 0.374, 0.374, 0.626, 0
159.339, 0.374, 0.374, 0.626, 0
159.455, 0.38, 0.38, 0.62, 0
159.572, 0.382, 0.382, 0.618, 0
159.691, 0.386, 0.386, 0.614, 0
159.8, 0.388, 0.388, 0.612, 0
159.924, 0.378, 0.378, 0.622, 0
160.047, 0.382, 0.382, 0.618, 0
160.166, 0.386, 0.386, 0.614, 0
160.278, 0.388, 0.388, 0.612, 0
160.396, 0.386, 0.386, 0.614, 0
160.521, 0.388, 0.388, 0.612, 0
160.646, 0.39, 0.39, 0.61, 0
160.772, 0.392, 0.392, 0.608, 0
160.896, 0.392, 0.392, 0.608, 0
160.958, 0.394, 0.394, 0.606, 0
161.085, 0.394, 0.394, 0.606, 0
161.211, 0.396, 0.396, 0.604, 0
161.339, 0.394, 0.394, 0.606, 0
161.462, 0.38, 0.38, 0.62, 0
161.585, 0.376, 0.376, 0.624, 0
161.708, 0.378, 0.378, 0.622, 0
161.833, 0.378, 0.378, 0.622, 0
161.957, 0.378, 0.378, 0.622, 0
162.081, 0.38, 0.38, 0.62, 0
162.205, 0.38, 0.38, 0.62, 0
162.329, 0.38, 0.38, 0.62, 0
162.454, 0.38, 0.38, 0.62, 0
162.578, 0.38, 0.38, 0.62, 0
162.702, 0.382, 0.382, 0.618, 0
162.826, 0.382, 0.382, 0.618, 0
162.95, 0.382, 0.382, 0.618, 0
163.074, 0.382, 0.382, 0.618, 0
163.198, 0.382, 0.382, 0.618, 0
163.322, 0.382, 0.382, 0.618, 0
163.446, 0.382, 0.382, 0.618, 0
163.57, 0.384, 0.384, 0.616, 0
163.694, 0.384, 0.384, 0.616, 0
163.805, 0.386, 0.386, 0.614, 0
163.921, 0.386, 0.386, 0.614, 0
164.043, 0.386, 0.386, 0.614, 0
164.168, 0.386, 0.386, 0.614, 0
164.292, 0.386, 0.386, 0.614, 0
164.417, 0.386, 0.386, 0.614, 0
164.542, 0.386, 0.386, 0.614, 0
164.67, 0.386, 0.386, 0.614, 0
164.793, 0.386, 0.386, 0.614, 0
164.911, 0.386, 0.386, 0.614, 0
165.03, 0.386, 0.386, 0.614, 0
165.149, 0.388, 0.388, 0.612, 0
165.266, 0.388, 0.388, 0.612, 0
165.384, 0.39, 0.39, 0.61, 0
165.502, 0.392, 0.392, 0.608, 0
165.62, 0.394, 0.394, 0.606, 0
165.739, 0.394, 0.394, 0.606, 0
165.858, 0.394, 0.394, 0.606, 0
165.975, 0.394, 0.394, 0.606, 0
166.093, 0.394, 0.394, 0.606, 0
166.205, 0.394, 0.394, 0.606, 0
166.318, 0.4, 0.4, 0.6, 0
166.436, 0.402, 0.402, 0.598, 0
166.548, 0.404, 0.404, 0.596, 0
166.663, 0.404, 0.404, 0.596, 0
166.776, 0.41, 0.41, 0.59, 0
166.89, 0.422, 0.422, 0.578, 0
167.009, 0.424, 0.424, 0.576, 0
167.139, 0.432, 0.432, 0.568, 0
167.266, 0.44, 0.44, 0.56, 0
167.392, 0.444, 0.444, 0.556, 0
167.511, 0.456, 0.456, 0.544, 0
167.634, 0.46, 0.46, 0.54, 0.002
167.764, 0.472, 0.472, 0.528, 0.002
167.877, 0.47, 0.47, 0.53, 0.002
167.99, 0.47, 0.47, 0.53, 0.002
168.101, 0.458, 0.458, 0.542, 0.002
168.212, 0.44, 0.44, 0.56, 0.002
168.326, 0.424, 0.424, 0.576, 0.002
168.439, 0.406, 0.406, 0.594, 0.002
168.553, 0.398, 0.398, 0.602, 0.002
168.664, 0.394, 0.394, 0.606, 0.002
168.776, 0.394, 0.394, 0.606, 0.002
168.889, 0.392, 0.392, 0.608, 0.002
168.953, 0.392, 0.392, 0.608, 0.002
169.066, 0.392, 0.392, 0.608, 0.002
169.194, 0.392, 0.392, 0.608, 0.002
169.32, 0.392, 0.392, 0.608, 0.002
169.447, 0.392, 0.392, 0.608, 0.002
169.573, 0.392, 0.392, 0.608, 0.002
169.698, 0.394, 0.394, 0.606, 0.002
169.822, 0.396, 0.396, 0.604, 0.002
169.951, 0.394, 0.394, 0.606, 0.002
170.082, 0.394, 0.394, 0.606, 0.002
170.205, 0.394, 0.394, 0.606, 0.004
170.331, 0.384, 0.384, 0.616, 0.004
170.459, 0.386, 0.386, 0.614, 0.004
170.582, 0.39, 0.39, 0.61, 0.004
170.701, 0.39, 0.39, 0.61, 0.004
170.815, 0.39, 0.39, 0.61, 0.004
170.927, 0.392, 0.392, 0.608, 0.004
171.041, 0.392, 0.392, 0.608, 0.004
171.154, 0.394, 0.394, 0.606, 0.004
171.266, 0.394, 0.394, 0.606, 0.004
171.38, 0.394, 0.394, 0.606, 0.004
171.491, 0.394, 0.394, 0.606, 0.004
171.549, 0.394, 0.394, 0.606, 0.004
171.665, 0.398, 0.398, 0.602, 0.004
171.775, 0.398, 0.398, 0.602, 0.004
171.887, 0.396, 0.396, 0.604, 0.004
172, 0.378, 0.378, 0.622, 0.004
172.111, 0.38, 0.38, 0.62, 0.004
172.222, 0.388, 0.388, 0.612, 0.004
172.333, 0.396, 0.396, 0.604, 0.004
172.445, 0.396, 0.396, 0.604, 0.004
172.561, 0.396, 0.396, 0.604, 0.004
172.681, 0.402, 0.402, 0.598, 0.004
172.794, 0.402, 0.402, 0.598, 0.004
172.919, 0.404, 0.404, 0.596, 0.004
173.045, 0.404, 0.404, 0.596, 0.004
173.171, 0.404, 0.404, 0.596, 0.006
173.297, 0.408, 0.408, 0.592, 0.006
173.421, 0.412, 0.412, 0.588, 0.006
173.548, 0.416, 0.416, 0.584, 0.006
173.674, 0.416, 0.416, 0.584, 0.004
173.797, 0.416, 0.416, 0.584, 0.002
173.915, 0.39, 0.39, 0.61, 0.002
174.026, 0.378, 0.378, 0.622, 0.002
174.141, 0.378, 0.378, 0.622, 0.002
174.258, 0.378, 0.378, 0.622, 0
174.369, 0.378, 0.378, 0.622, 0
174.48, 0.378, 0.378, 0.622, 0
174.577, 0.378, 0.378, 0.622, 0
174.696, 0.38, 0.38, 0.62, 0
174.815, 0.378, 0.378, 0.622, 0
174.934, 0.374, 0.374, 0.626, 0
175.052, 0.376, 0.376, 0.624, 0
175.176, 0.372, 0.372, 0.628, 0
175.299, 0.372, 0.372, 0.628, 0
175.418, 0.372, 0.372, 0.628, 0
175.536, 0.37, 0.37, 0.63, 0
175.65, 0.374, 0.374, 0.626, 0
175.761, 0.374, 0.374, 0.626, 0
175.876, 0.354, 0.354, 0.646, 0
175.987, 0.34, 0.34, 0.66, 0
176.098, 0.332, 0.332, 0.668, 0
176.208, 0.334, 0.334, 0.666, 0
176.319, 0.328, 0.328, 0.672, 0
176.432, 0.326, 0.326, 0.674, 0
176.546, 0.328, 0.328, 0.672, 0
176.666, 0.328, 0.328, 0.672, 0
176.793, 0.33, 0.33, 0.67, 0
176.912, 0.338, 0.338, 0.662, 0
177.031, 0.34, 0.34, 0.66, 0
177.15, 0.338, 0.338, 0.662, 0
177.268, 0.338, 0.338, 0.662, 0
177.384, 0.344, 0.344, 0.656, 0
177.427, 0.346, 0.346, 0.654, 0
177.545, 0.346, 0.346, 0.654, 0
177.656, 0.348, 0.348, 0.652, 0
177.769, 0.352, 0.352, 0.648, 0
177.88, 0.346, 0.346, 0.654, 0
177.991, 0.344, 0.344, 0.656, 0
178.104, 0.346, 0.346, 0.654, 0
178.215, 0.354, 0.354, 0.646, 0
178.331, 0.366, 0.366, 0.634, 0
178.45, 0.37, 0.37, 0.63, 0
178.562, 0.376, 0.376, 0.624, 0
178.675, 0.378, 0.378, 0.622, 0.002
178.788, 0.384, 0.384, 0.616, 0.002
178.901, 0.384, 0.384, 0.616, 0.002
179.016, 0.39, 0.39, 0.61, 0.002
179.13, 0.398, 0.398, 0.602, 0
179.256, 0.4, 0.4, 0.6, 0
179.387, 0.398, 0.398, 0.602, 0
179.511, 0.4, 0.4, 0.6, 0
179.634, 0.402, 0.402, 0.598, 0
179.755, 0.402, 0.402, 0.598, 0
179.778, 0.402, 0.402, 0.598, 0
179.907, 0.402, 0.402, 0.598, 0
180.034, 0.404, 0.404, 0.596, 0
180.16, 0.404, 0.404, 0.596, 0
180.285, 0.404, 0.404, 0.596, 0
180.409, 0.408, 0.408, 0.592, 0
180.534, 0.416, 0.416, 0.584, 0
180.66, 0.416, 0.416, 0.584, 0
180.784, 0.418, 0.418, 0.582, 0
180.91, 0.414, 0.414, 0.586, 0
181.033, 0.402, 0.402, 0.598, 0
181.157, 0.402, 0.402, 0.598, 0
181.281, 0.402, 0.402, 0.598, 0
181.406, 0.402, 0.402, 0.598, 0
181.531, 0.402, 0.402, 0.598, 0
181.657, 0.404, 0.404, 0.596, 0
181.771, 0.404, 0.404, 0.596, 0
181.894, 0.404, 0.404, 0.596, 0
182.021, 0.408, 0.408, 0.592, 0
182.148, 0.408, 0.408, 0.592, 0
182.267, 0.408, 0.408, 0.592, 0
182.387, 0.408, 0.408, 0.592, 0
182.505, 0.408, 0.408, 0.592, 0
182.627, 0.408, 0.408, 0.592, 0
182.747, 0.41, 0.41, 0.59, 0
182.865, 0.41, 0.41, 0.59, 0
182.99, 0.398, 0.398, 0.602, 0
183.114, 0.376, 0.376, 0.624, 0
183.237, 0.378, 0.378, 0.622, 0
183.358, 0.376, 0.376, 0.624, 0
183.483, 0.376, 0.376, 0.624, 0
183.611, 0.378, 0.378, 0.622, 0
183.699, 0.378, 0.378, 0.622, 0
183.82, 0.378, 0.378, 0.622, 0
183.932, 0.378, 0.378, 0.622, 0
184.051, 0.382, 0.382, 0.618, 0
184.178, 0.382, 0.382, 0.618, 0
184.304, 0.384, 0.384, 0.616, 0
184.43, 0.384, 0.384, 0.616, 0
184.562, 0.386, 0.386, 0.614, 0
184.689, 0.386, 0.386, 0.614, 0
184.814, 0.386, 0.386, 0.614, 0
184.936, 0.378, 0.378, 0.622, 0
185.05, 0.38, 0.38, 0.62, 0
185.162, 0.38, 0.38, 0.62, 0
185.274, 0.382, 0.382, 0.618, 0
185.389, 0.384, 0.384, 0.616, 0
185.504, 0.388, 0.388, 0.612, 0
185.622, 0.394, 0.394, 0.606, 0
185.744, 0.398, 0.398, 0.602, 0
185.871, 0.404, 0.404, 0.596, 0.002
185.997, 0.402, 0.402, 0.598, 0.002
186.122, 0.404, 0.404, 0.596, 0.002
186.232, 0.402, 0.402, 0.598, 0.002
186.351, 0.402, 0.402, 0.598, 0.002
186.484, 0.41, 0.41, 0.59, 0.002
186.612, 0.408, 0.408, 0.592, 0.002
186.738, 0.398, 0.398, 0.602, 0.002
186.862, 0.404, 0.404, 0.596, 0.002
186.982, 0.408, 0.408, 0.592, 0.002
187.107, 0.414, 0.414, 0.586, 0.002
187.22, 0.412, 0.412, 0.588, 0.002
187.337, 0.416, 0.416, 0.584, 0.002
187.362, 0.418, 0.418, 0.582, 0.002
187.477, 0.422, 0.422, 0.578, 0.002
187.593, 0.426, 0.426, 0.574, 0.002
187.706, 0.43, 0.43, 0.57, 0.002
187.822, 0.428, 0.428, 0.572, 0.002
187.936, 0.434, 0.434, 0.566, 0.002
188.052, 0.438, 0.438, 0.562, 0.002
188.165, 0.444, 0.444, 0.556, 0.002
188.281, 0.45, 0.45, 0.55, 0.002
188.395, 0.452, 0.452, 0.548, 0.002
188.507, 0.46, 0.46, 0.54, 0.002
188.619, 0.454, 0.454, 0.546, 0.002
188.736, 0.442, 0.442, 0.558, 0.002
188.861, 0.434, 0.434, 0.566, 0
188.984, 0.434, 0.434, 0.566, 0
189.109, 0.434, 0.434, 0.566, 0
189.234, 0.434, 0.434, 0.566, 0
189.358, 0.44, 0.44, 0.56, 0
189.49, 0.442, 0.442, 0.558, 0
189.625, 0.442, 0.442, 0.558, 0
189.751, 0.442, 0.442, 0.558, 0
189.875, 0.444, 0.444, 0.556, 0
189.998, 0.444, 0.444, 0.556, 0
190.117, 0.444, 0.444, 0.556, 0
190.243, 0.442, 0.442, 0.558, 0
190.37, 0.444, 0.444, 0.556, 0
190.491, 0.444, 0.444, 0.556, 0
190.617, 0.444, 0.444, 0.556, 0
190.74, 0.424, 0.424, 0.576, 0
190.863, 0.422, 0.422, 0.578, 0
190.982, 0.41, 0.41, 0.59, 0
191.096, 0.402, 0.402, 0.598, 0
191.198, 0.4, 0.4, 0.6, 0
191.315, 0.398, 0.398, 0.602, 0
191.432, 0.398, 0.398, 0.602, 0
191.559, 0.402, 0.402, 0.598, 0
191.686, 0.404, 0.404, 0.596, 0
191.813, 0.404, 0.404, 0.596, 0
191.938, 0.404, 0.404, 0.596, 0
192.07, 0.404, 0.404, 0.596, 0
192.204, 0.404, 0.404, 0.596, 0
192.335, 0.404, 0.404, 0.596, 0
192.464, 0.404, 0.404, 0.596, 0
192.589, 0.388, 0.388, 0.612, 0
192.714, 0.386, 0.386, 0.614, 0
192.838, 0.386, 0.386, 0.614, 0
192.965, 0.386, 0.386, 0.614, 0
193.095, 0.384, 0.384, 0.616, 0
193.222, 0.384, 0.384, 0.616, 0
193.344, 0.384, 0.384, 0.616, 0
193.471, 0.384, 0.384, 0.616, 0
193.599, 0.384, 0.384, 0.616, 0
193.725, 0.384, 0.384, 0.616, 0
193.851, 0.384, 0.384, 0.616, 0
193.984, 0.38, 0.38, 0.62, 0
194.108, 0.364, 0.364, 0.636, 0
194.221, 0.334, 0.334, 0.666, 0
194.346, 0.322, 0.322, 0.678, 0
194.471, 0.304, 0.304, 0.696, 0
194.553, 0.292, 0.292, 0.708, 0
194.67, 0.288, 0.288, 0.712, 0
194.794, 0.288, 0.288, 0.712, 0
194.91, 0.288, 0.288, 0.712, 0
195.029, 0.288, 0.288, 0.712, 0
195.157, 0.288, 0.288, 0.712, 0
195.268, 0.29, 0.29, 0.71, 0
195.393, 0.292, 0.292, 0.708, 0
195.525, 0.292, 0.292, 0.708, 0
195.649, 0.292, 0.292, 0.708, 0
195.768, 0.288, 0.288, 0.712, 0
195.889, 0.268, 0.268, 0.732, 0
196.001, 0.27, 0.27, 0.73, 0
196.117, 0.274, 0.274, 0.726, 0
196.235, 0.282, 0.282, 0.718, 0
196.356, 0.294, 0.294, 0.706, 0
196.484, 0.306, 0.306, 0.694, 0
196.605, 0.312, 0.312, 0.688, 0
196.732, 0.318, 0.318, 0.682, 0
196.856, 0.316, 0.316, 0.684, 0
196.977, 0.304, 0.304, 0.696, 0
197.101, 0.298, 0.298, 0.702, 0
197.227, 0.288, 0.288, 0.712, 0
197.359, 0.288, 0.288, 0.712, 0
197.483, 0.268, 0.268, 0.732, 0.002
197.607, 0.26, 0.26, 0.74, 0.002
197.727, 0.258, 0.258, 0.742, 0.002
197.835, 0.258, 0.258, 0.742, 0.002
197.948, 0.262, 0.262, 0.738, 0.002
198.064, 0.27, 0.27, 0.73, 0.002
198.178, 0.276, 0.276, 0.724, 0.002
198.295, 0.282, 0.282, 0.718, 0.002
198.409, 0.282, 0.282, 0.718, 0.002
198.524, 0.286, 0.286, 0.714, 0.002
198.638, 0.286, 0.286, 0.714, 0.002
198.752, 0.286, 0.286, 0.714, 0.002
198.866, 0.286, 0.286, 0.714, 0.002
198.979, 0.294, 0.294, 0.706, 0.002
199.094, 0.298, 0.298, 0.702, 0.002
199.21, 0.302, 0.302, 0.698, 0.002
199.324, 0.302, 0.302, 0.698, 0.002
199.441, 0.288, 0.288, 0.712, 0.002
199.556, 0.282, 0.282, 0.718, 0.002
199.668, 0.27, 0.27, 0.73, 0
199.781, 0.266, 0.266, 0.734, 0
199.892, 0.268, 0.268, 0.732, 0
200.006, 0.268, 0.268, 0.732, 0
200.129, 0.268, 0.268, 0.732, 0
200.253, 0.266, 0.266, 0.734, 0
200.381, 0.262, 0.262, 0.738, 0
200.506, 0.254, 0.254, 0.746, 0
200.629, 0.254, 0.254, 0.746, 0
200.756, 0.25, 0.25, 0.75, 0
200.875, 0.242, 0.242, 0.758, 0
201, 0.24, 0.24, 0.76, 0
201.127, 0.234, 0.234, 0.766, 0
201.261, 0.234, 0.234, 0.766, 0
201.385, 0.236, 0.236, 0.764, 0
201.509, 0.218, 0.218, 0.782, 0
201.632, 0.21, 0.21, 0.79, 0
201.756, 0.212, 0.212, 0.788, 0
201.872, 0.208, 0.208, 0.792, 0
201.983, 0.21, 0.21, 0.79, 0
202.102, 0.21, 0.21, 0.79, 0
202.219, 0.21, 0.21, 0.79, 0
202.333, 0.21, 0.21, 0.79, 0
202.453, 0.214, 0.214, 0.786, 0
202.58, 0.214, 0.214, 0.786, 0
202.707, 0.214, 0.214, 0.786, 0
202.833, 0.214, 0.214, 0.786, 0
202.959, 0.218, 0.218, 0.782, 0
203.084, 0.218, 0.218, 0.782, 0
203.211, 0.216, 0.216, 0.784, 0
203.346, 0.218, 0.218, 0.782, 0
203.471, 0.216, 0.216, 0.784, 0
203.604, 0.21, 0.21, 0.79, 0
203.728, 0.202, 0.202, 0.798, 0
203.852, 0.198, 0.198, 0.802, 0
203.976, 0.198, 0.198, 0.802, 0
204.1, 0.198, 0.198, 0.802, 0
204.228, 0.196, 0.196, 0.804, 0
204.346, 0.196, 0.196, 0.804, 0
204.463, 0.196, 0.196, 0.804, 0
204.581, 0.198, 0.198, 0.802, 0
204.699, 0.198, 0.198, 0.802, 0
204.827, 0.2, 0.2, 0.8, 0
204.954, 0.2, 0.2, 0.8, 0
205.079, 0.2, 0.2, 0.8, 0
205.21, 0.2, 0.2, 0.8, 0
205.309, 0.2, 0.2, 0.8, 0
205.429, 0.2, 0.2, 0.8, 0
205.544, 0.2, 0.2, 0.8, 0
205.678, 0.194, 0.194, 0.806, 0
205.804, 0.186, 0.186, 0.814, 0
205.924, 0.184, 0.184, 0.816, 0
206.045, 0.182, 0.182, 0.818, 0
206.155, 0.182, 0.182, 0.818, 0
206.271, 0.182, 0.182, 0.818, 0
206.385, 0.182, 0.182, 0.818, 0
206.502, 0.182, 0.182, 0.818, 0
206.622, 0.184, 0.184, 0.816, 0
206.736, 0.186, 0.186, 0.814, 0
206.85, 0.186, 0.186, 0.814, 0
206.964, 0.186, 0.186, 0.814, 0
207.077, 0.182, 0.182, 0.818, 0
207.191, 0.184, 0.184, 0.816, 0
207.304, 0.188, 0.188, 0.812, 0
207.418, 0.2, 0.2, 0.8, 0
207.529, 0.206, 0.206, 0.794, 0
207.642, 0.204, 0.204, 0.796, 0
207.755, 0.194, 0.194, 0.806, 0
207.867, 0.19, 0.19, 0.81, 0
207.979, 0.194, 0.194, 0.806, 0
208.091, 0.2, 0.2, 0.8, 0
208.206, 0.202, 0.202, 0.798, 0
208.321, 0.202, 0.202, 0.798, 0
208.437, 0.208, 0.208, 0.792, 0
208.558, 0.202, 0.202, 0.798, 0
208.673, 0.206, 0.206, 0.794, 0
208.788, 0.202, 0.202, 0.798, 0
208.91, 0.202, 0.202, 0.798, 0
209.03, 0.202, 0.202, 0.798, 0
209.148, 0.204, 0.204, 0.796, 0
209.271, 0.208, 0.208, 0.792, 0
209.408, 0.216, 0.216, 0.784, 0
209.532, 0.216, 0.216, 0.784, 0
209.665, 0.22, 0.22, 0.78, 0
209.79, 0.218, 0.218, 0.782, 0
209.906, 0.226, 0.226, 0.774, 0
210.023, 0.232, 0.232, 0.768, 0
210.138, 0.232, 0.232, 0.768, 0
210.382, 0.234, 0.234, 0.766, 0
